2016-2-9 16:49:22.0257 gsmake (runner.lua:46) register taskgroup(update) :
2016-2-9 16:49:22.0257 gsmake (runner.lua:48) 	from package [github.com/gsmake/commands:snapshot]
2016-2-9 16:49:22.0258 gsmake (runner.lua:46) register taskgroup(list) :
2016-2-9 16:49:22.0258 gsmake (runner.lua:48) 	from package [github.com/gsmake/commands:snapshot]
2016-2-9 16:49:22.0259 gsmake (runner.lua:46) register taskgroup(repo) :
2016-2-9 16:49:22.0260 gsmake (runner.lua:48) 	from package [github.com/gsmake/commands:snapshot]
2016-2-9 16:49:22.0260 gsmake (runner.lua:46) register taskgroup(precompile) :
2016-2-9 16:49:22.0261 gsmake (runner.lua:48) 	from package [github.com/gsmake/gsrpc:snapshot]
2016-2-9 16:49:22.0262 gsmake (runner.lua:46) register taskgroup(cache) :
2016-2-9 16:49:22.0262 gsmake (runner.lua:48) 	from package [github.com/gsmake/commands:snapshot]
2016-2-9 16:49:22.0263 gsmake (runner.lua:46) register taskgroup(resources) :
2016-2-9 16:49:22.0264 gsmake (runner.lua:48) 	from package [github.com/gsmake/gsrpc:snapshot]
2016-2-9 16:49:22.0264 gsmake (runner.lua:126) topshort task(precompile) from package [github.com/gsmake/gsrpc:snapshot] ;compile the gsrpc files
2016-2-9 16:49:22.0265 gsmake (runner.lua:126) topshort task(resources) from package [github.com/gsmake/gsrpc:snapshot] ;prepare gsrpc compiler
2016-2-9 16:49:22.0266 gsmake (runner.lua:70) invoke task(resources)
2016-2-9 16:49:22.0266 gsmake (runner.lua:73) 	from package [github.com/gsmake/gsrpc:snapshot] ...
2016-2-9 16:49:22.0323 gsmake (runner.lua:46) register taskgroup(compile) :
2016-2-9 16:49:22.0324 gsmake (runner.lua:48) 	from package [github.com/gsmake/golang:snapshot]
2016-2-9 16:49:22.0325 gsmake (runner.lua:46) register taskgroup(resources) :
2016-2-9 16:49:22.0325 gsmake (runner.lua:48) 	from package [github.com/gsmake/golang:snapshot]
2016-2-9 16:49:22.0326 gsmake (runner.lua:46) register taskgroup(install) :
2016-2-9 16:49:22.0326 gsmake (runner.lua:48) 	from package [github.com/gsmake/golang:snapshot]
2016-2-9 16:49:22.0327 gsmake (runner.lua:46) register taskgroup(precompile) :
2016-2-9 16:49:22.0328 gsmake (runner.lua:48) 	from package [github.com/gsmake/golang:snapshot]
2016-2-9 16:49:22.0328 gsmake (runner.lua:46) register taskgroup(test) :
2016-2-9 16:49:22.0329 gsmake (runner.lua:48) 	from package [github.com/gsmake/golang:snapshot]
2016-2-9 16:49:22.0330 gsmake (runner.lua:46) register taskgroup(gopath) :
2016-2-9 16:49:22.0330 gsmake (runner.lua:48) 	from package [github.com/gsmake/golang:snapshot]
2016-2-9 16:49:22.0331 gsmake (runner.lua:46) register taskgroup(gorun) :
2016-2-9 16:49:22.0332 gsmake (runner.lua:48) 	from package [github.com/gsmake/golang:snapshot]
2016-2-9 16:49:22.0332 gsmake (runner.lua:126) topshort task(install) from package [github.com/gsmake/golang:snapshot] ;golang package install package
2016-2-9 16:49:22.0333 gsmake (runner.lua:126) topshort task(compile) from package [github.com/gsmake/golang:snapshot] ;golang package compile task
2016-2-9 16:49:22.0334 gsmake (runner.lua:126) topshort task(precompile) from package [github.com/gsmake/golang:snapshot] ;golang precompile task
2016-2-9 16:49:22.0334 gsmake (runner.lua:126) topshort task(resources) from package [github.com/gsmake/golang:snapshot] ;prepare dependencies package
2016-2-9 16:49:22.0335 gsmake (runner.lua:70) invoke task(resources)
2016-2-9 16:49:22.0336 gsmake (runner.lua:73) 	from package [github.com/gsmake/golang:snapshot] ...
2016-2-9 16:49:22.0442 gsmake (runner.lua:86) 	from package [github.com/gsmake/golang:snapshot] -- success
2016-2-9 16:49:22.0442 gsmake (runner.lua:89) invoke task(resources) -- success
2016-2-9 16:49:22.0443 gsmake (runner.lua:70) invoke task(precompile)
2016-2-9 16:49:22.0444 gsmake (runner.lua:73) 	from package [github.com/gsmake/golang:snapshot] ...
2016-2-9 16:49:22.0445 gsmake (runner.lua:86) 	from package [github.com/gsmake/golang:snapshot] -- success
2016-2-9 16:49:22.0446 gsmake (runner.lua:89) invoke task(precompile) -- success
2016-2-9 16:49:22.0446 gsmake (runner.lua:70) invoke task(compile)
2016-2-9 16:49:22.0447 gsmake (runner.lua:73) 	from package [github.com/gsmake/golang:snapshot] ...
2016-2-9 16:49:25.0377 gsmake (runner.lua:86) 	from package [github.com/gsmake/golang:snapshot] -- success
2016-2-9 16:49:25.0378 gsmake (runner.lua:89) invoke task(compile) -- success
2016-2-9 16:49:25.0379 gsmake (runner.lua:70) invoke task(install)
2016-2-9 16:49:25.0379 gsmake (runner.lua:73) 	from package [github.com/gsmake/golang:snapshot] ...
2016-2-9 16:49:25.0394 gsmake (runner.lua:86) 	from package [github.com/gsmake/golang:snapshot] -- success
2016-2-9 16:49:25.0394 gsmake (runner.lua:89) invoke task(install) -- success
2016-2-9 16:49:25.0395 gsmake (runner.lua:86) 	from package [github.com/gsmake/gsrpc:snapshot] -- success
2016-2-9 16:49:25.0396 gsmake (runner.lua:89) invoke task(resources) -- success
2016-2-9 16:49:25.0396 gsmake (runner.lua:70) invoke task(precompile)
2016-2-9 16:49:25.0397 gsmake (runner.lua:73) 	from package [github.com/gsmake/gsrpc:snapshot] ...
2016-2-9 16:49:26.0389 gsmake (runner.lua:86) 	from package [github.com/gsmake/gsrpc:snapshot] -- success
2016-2-9 16:49:26.0389 gsmake (runner.lua:89) invoke task(precompile) -- success
