2016-2-9 16:46:28.0696 gsmake (runner.lua:46) register taskgroup(list) :
2016-2-9 16:46:28.0696 gsmake (runner.lua:48) 	from package [github.com/gsmake/commands:snapshot]
2016-2-9 16:46:28.0697 gsmake (runner.lua:46) register taskgroup(repo) :
2016-2-9 16:46:28.0697 gsmake (runner.lua:48) 	from package [github.com/gsmake/commands:snapshot]
2016-2-9 16:46:28.0698 gsmake (runner.lua:46) register taskgroup(cache) :
2016-2-9 16:46:28.0699 gsmake (runner.lua:48) 	from package [github.com/gsmake/commands:snapshot]
2016-2-9 16:46:28.0699 gsmake (runner.lua:46) register taskgroup(precompile) :
2016-2-9 16:46:28.0700 gsmake (runner.lua:48) 	from package [github.com/gsmake/gsrpc:snapshot]
2016-2-9 16:46:28.0701 gsmake (runner.lua:46) register taskgroup(resources) :
2016-2-9 16:46:28.0701 gsmake (runner.lua:48) 	from package [github.com/gsmake/gsrpc:snapshot]
2016-2-9 16:46:28.0702 gsmake (runner.lua:46) register taskgroup(update) :
2016-2-9 16:46:28.0703 gsmake (runner.lua:48) 	from package [github.com/gsmake/commands:snapshot]
2016-2-9 16:46:28.0703 gsmake (runner.lua:126) topshort task(precompile) from package [github.com/gsmake/gsrpc:snapshot] ;compile the gsrpc files
2016-2-9 16:46:28.0704 gsmake (runner.lua:126) topshort task(resources) from package [github.com/gsmake/gsrpc:snapshot] ;prepare gsrpc compiler
2016-2-9 16:46:28.0705 gsmake (runner.lua:70) invoke task(resources)
2016-2-9 16:46:28.0705 gsmake (runner.lua:73) 	from package [github.com/gsmake/gsrpc:snapshot] ...
2016-2-9 16:46:28.0758 gsmake (runner.lua:46) register taskgroup(gopath) :
2016-2-9 16:46:28.0759 gsmake (runner.lua:48) 	from package [github.com/gsmake/golang:snapshot]
2016-2-9 16:46:28.0759 gsmake (runner.lua:46) register taskgroup(resources) :
2016-2-9 16:46:28.0760 gsmake (runner.lua:48) 	from package [github.com/gsmake/golang:snapshot]
2016-2-9 16:46:28.0761 gsmake (runner.lua:46) register taskgroup(install) :
2016-2-9 16:46:28.0761 gsmake (runner.lua:48) 	from package [github.com/gsmake/golang:snapshot]
2016-2-9 16:46:28.0762 gsmake (runner.lua:46) register taskgroup(gorun) :
2016-2-9 16:46:28.0763 gsmake (runner.lua:48) 	from package [github.com/gsmake/golang:snapshot]
2016-2-9 16:46:28.0763 gsmake (runner.lua:46) register taskgroup(precompile) :
2016-2-9 16:46:28.0764 gsmake (runner.lua:48) 	from package [github.com/gsmake/golang:snapshot]
2016-2-9 16:46:28.0765 gsmake (runner.lua:46) register taskgroup(test) :
2016-2-9 16:46:28.0765 gsmake (runner.lua:48) 	from package [github.com/gsmake/golang:snapshot]
2016-2-9 16:46:28.0766 gsmake (runner.lua:46) register taskgroup(compile) :
2016-2-9 16:46:28.0766 gsmake (runner.lua:48) 	from package [github.com/gsmake/golang:snapshot]
2016-2-9 16:46:28.0767 gsmake (runner.lua:126) topshort task(install) from package [github.com/gsmake/golang:snapshot] ;golang package install package
2016-2-9 16:46:28.0768 gsmake (runner.lua:126) topshort task(compile) from package [github.com/gsmake/golang:snapshot] ;golang package compile task
2016-2-9 16:46:28.0768 gsmake (runner.lua:126) topshort task(precompile) from package [github.com/gsmake/golang:snapshot] ;golang precompile task
2016-2-9 16:46:28.0769 gsmake (runner.lua:126) topshort task(resources) from package [github.com/gsmake/golang:snapshot] ;prepare dependencies package
2016-2-9 16:46:28.0770 gsmake (runner.lua:70) invoke task(resources)
2016-2-9 16:46:28.0770 gsmake (runner.lua:73) 	from package [github.com/gsmake/golang:snapshot] ...
2016-2-9 16:46:28.0872 gsmake (runner.lua:86) 	from package [github.com/gsmake/golang:snapshot] -- success
2016-2-9 16:46:28.0872 gsmake (runner.lua:89) invoke task(resources) -- success
2016-2-9 16:46:28.0873 gsmake (runner.lua:70) invoke task(precompile)
2016-2-9 16:46:28.0874 gsmake (runner.lua:73) 	from package [github.com/gsmake/golang:snapshot] ...
2016-2-9 16:46:28.0875 gsmake (runner.lua:86) 	from package [github.com/gsmake/golang:snapshot] -- success
2016-2-9 16:46:28.0876 gsmake (runner.lua:89) invoke task(precompile) -- success
2016-2-9 16:46:28.0876 gsmake (runner.lua:70) invoke task(compile)
2016-2-9 16:46:28.0877 gsmake (runner.lua:73) 	from package [github.com/gsmake/golang:snapshot] ...
2016-2-9 16:46:31.0545 gsmake (runner.lua:86) 	from package [github.com/gsmake/golang:snapshot] -- success
2016-2-9 16:46:31.0545 gsmake (runner.lua:89) invoke task(compile) -- success
2016-2-9 16:46:31.0546 gsmake (runner.lua:70) invoke task(install)
2016-2-9 16:46:31.0547 gsmake (runner.lua:73) 	from package [github.com/gsmake/golang:snapshot] ...
2016-2-9 16:46:31.0563 gsmake (runner.lua:86) 	from package [github.com/gsmake/golang:snapshot] -- success
2016-2-9 16:46:31.0564 gsmake (runner.lua:89) invoke task(install) -- success
2016-2-9 16:46:31.0565 gsmake (runner.lua:86) 	from package [github.com/gsmake/gsrpc:snapshot] -- success
2016-2-9 16:46:31.0565 gsmake (runner.lua:89) invoke task(resources) -- success
2016-2-9 16:46:31.0566 gsmake (runner.lua:70) invoke task(precompile)
2016-2-9 16:46:31.0566 gsmake (runner.lua:73) 	from package [github.com/gsmake/gsrpc:snapshot] ...
2016-2-9 16:46:32.0531 gsmake (runner.lua:86) 	from package [github.com/gsmake/gsrpc:snapshot] -- success
2016-2-9 16:46:32.0532 gsmake (runner.lua:89) invoke task(precompile) -- success
