2016-2-9 16:43:28.0452 gsmake (runner.lua:46) register taskgroup(list) :
2016-2-9 16:43:28.0453 gsmake (runner.lua:48) 	from package [github.com/gsmake/commands:snapshot]
2016-2-9 16:43:28.0453 gsmake (runner.lua:46) register taskgroup(precompile) :
2016-2-9 16:43:28.0454 gsmake (runner.lua:48) 	from package [github.com/gsmake/gsrpc:snapshot]
2016-2-9 16:43:28.0454 gsmake (runner.lua:46) register taskgroup(update) :
2016-2-9 16:43:28.0455 gsmake (runner.lua:48) 	from package [github.com/gsmake/commands:snapshot]
2016-2-9 16:43:28.0456 gsmake (runner.lua:46) register taskgroup(cache) :
2016-2-9 16:43:28.0457 gsmake (runner.lua:48) 	from package [github.com/gsmake/commands:snapshot]
2016-2-9 16:43:28.0457 gsmake (runner.lua:46) register taskgroup(repo) :
2016-2-9 16:43:28.0458 gsmake (runner.lua:48) 	from package [github.com/gsmake/commands:snapshot]
2016-2-9 16:43:28.0458 gsmake (runner.lua:46) register taskgroup(resources) :
2016-2-9 16:43:28.0459 gsmake (runner.lua:48) 	from package [github.com/gsmake/gsrpc:snapshot]
2016-2-9 16:43:28.0460 gsmake (runner.lua:126) topshort task(precompile) from package [github.com/gsmake/gsrpc:snapshot] ;compile the gsrpc files
2016-2-9 16:43:28.0460 gsmake (runner.lua:126) topshort task(resources) from package [github.com/gsmake/gsrpc:snapshot] ;prepare gsrpc compiler
2016-2-9 16:43:28.0461 gsmake (runner.lua:70) invoke task(resources)
2016-2-9 16:43:28.0462 gsmake (runner.lua:73) 	from package [github.com/gsmake/gsrpc:snapshot] ...
2016-2-9 16:43:28.0514 gsmake (runner.lua:46) register taskgroup(gopath) :
2016-2-9 16:43:28.0515 gsmake (runner.lua:48) 	from package [github.com/gsmake/golang:snapshot]
2016-2-9 16:43:28.0516 gsmake (runner.lua:46) register taskgroup(gorun) :
2016-2-9 16:43:28.0516 gsmake (runner.lua:48) 	from package [github.com/gsmake/golang:snapshot]
2016-2-9 16:43:28.0517 gsmake (runner.lua:46) register taskgroup(resources) :
2016-2-9 16:43:28.0518 gsmake (runner.lua:48) 	from package [github.com/gsmake/golang:snapshot]
2016-2-9 16:43:28.0518 gsmake (runner.lua:46) register taskgroup(test) :
2016-2-9 16:43:28.0519 gsmake (runner.lua:48) 	from package [github.com/gsmake/golang:snapshot]
2016-2-9 16:43:28.0520 gsmake (runner.lua:46) register taskgroup(precompile) :
2016-2-9 16:43:28.0520 gsmake (runner.lua:48) 	from package [github.com/gsmake/golang:snapshot]
2016-2-9 16:43:28.0521 gsmake (runner.lua:46) register taskgroup(compile) :
2016-2-9 16:43:28.0521 gsmake (runner.lua:48) 	from package [github.com/gsmake/golang:snapshot]
2016-2-9 16:43:28.0522 gsmake (runner.lua:46) register taskgroup(install) :
2016-2-9 16:43:28.0523 gsmake (runner.lua:48) 	from package [github.com/gsmake/golang:snapshot]
2016-2-9 16:43:28.0523 gsmake (runner.lua:126) topshort task(install) from package [github.com/gsmake/golang:snapshot] ;golang package install package
2016-2-9 16:43:28.0524 gsmake (runner.lua:126) topshort task(compile) from package [github.com/gsmake/golang:snapshot] ;golang package compile task
2016-2-9 16:43:28.0525 gsmake (runner.lua:126) topshort task(precompile) from package [github.com/gsmake/golang:snapshot] ;golang precompile task
2016-2-9 16:43:28.0525 gsmake (runner.lua:126) topshort task(resources) from package [github.com/gsmake/golang:snapshot] ;prepare dependencies package
2016-2-9 16:43:28.0526 gsmake (runner.lua:70) invoke task(resources)
2016-2-9 16:43:28.0527 gsmake (runner.lua:73) 	from package [github.com/gsmake/golang:snapshot] ...
2016-2-9 16:43:28.0631 gsmake (runner.lua:86) 	from package [github.com/gsmake/golang:snapshot] -- success
2016-2-9 16:43:28.0632 gsmake (runner.lua:89) invoke task(resources) -- success
2016-2-9 16:43:28.0633 gsmake (runner.lua:70) invoke task(precompile)
2016-2-9 16:43:28.0633 gsmake (runner.lua:73) 	from package [github.com/gsmake/golang:snapshot] ...
2016-2-9 16:43:28.0635 gsmake (runner.lua:86) 	from package [github.com/gsmake/golang:snapshot] -- success
2016-2-9 16:43:28.0636 gsmake (runner.lua:89) invoke task(precompile) -- success
2016-2-9 16:43:28.0636 gsmake (runner.lua:70) invoke task(compile)
2016-2-9 16:43:28.0637 gsmake (runner.lua:73) 	from package [github.com/gsmake/golang:snapshot] ...
2016-2-9 16:43:31.0385 gsmake (runner.lua:86) 	from package [github.com/gsmake/golang:snapshot] -- success
2016-2-9 16:43:31.0386 gsmake (runner.lua:89) invoke task(compile) -- success
2016-2-9 16:43:31.0386 gsmake (runner.lua:70) invoke task(install)
2016-2-9 16:43:31.0387 gsmake (runner.lua:73) 	from package [github.com/gsmake/golang:snapshot] ...
2016-2-9 16:43:31.0402 gsmake (runner.lua:86) 	from package [github.com/gsmake/golang:snapshot] -- success
2016-2-9 16:43:31.0403 gsmake (runner.lua:89) invoke task(install) -- success
2016-2-9 16:43:31.0404 gsmake (runner.lua:86) 	from package [github.com/gsmake/gsrpc:snapshot] -- success
2016-2-9 16:43:31.0404 gsmake (runner.lua:89) invoke task(resources) -- success
2016-2-9 16:43:31.0405 gsmake (runner.lua:70) invoke task(precompile)
2016-2-9 16:43:31.0405 gsmake (runner.lua:73) 	from package [github.com/gsmake/gsrpc:snapshot] ...
2016-2-9 16:43:32.0499 gsmake (runner.lua:86) 	from package [github.com/gsmake/gsrpc:snapshot] -- success
2016-2-9 16:43:32.0500 gsmake (runner.lua:89) invoke task(precompile) -- success
